Binary operators: + * / ^  // No minus, as adding a negative does the same.  
Unary  operators: - √ ! !!

Patterns:
	0 1 2 3


	0 1 3 2
	0 2 1 3
	0 2 3 1
	0 3 1 2
	0 3 2 1

	1 0 2 3
	1 0 3 2
	2 0 1 3
	2 0 3 1
	3 0 1 2
	3 0 2 1

	1 2 0 3
	1 3 0 2
	2 1 0 3
	2 3 0 1
	3 1 0 2
	3 2 0 1

	1 2 3 0
	1 3 2 0
	2 1 3 0
	2 3 1 0
	3 1 2 0
	3 2 1 0


	01 2 3
	01 3 2
	02 1 3
	02 3 1
	03 1 2
	03 2 1

	10 2 3
	10 3 2
	20 1 3
	20 3 1
	30 1 2
	30 2 1

	12 0 3
	13 0 2
	21 0 3
	23 0 1
	31 0 2
	32 0 1

	12 3 0
	13 2 0
	21 3 0
	23 1 0
	31 2 0
	32 1 0

	0 12 3
	0 13 2
	0 21 3
	0 23 1
	0 31 2
	0 32 1

	1 02 3
	1 03 2
	2 01 3
	2 03 1
	3 01 2
	3 02 1

	1 20 3
	1 30 2
	2 10 3
	2 30 1
	3 10 2
	3 20 1

	1 23 0
	1 32 0
	2 13 0
	2 31 0
	3 12 0
	3 21 0

	0 1 23
	0 1 32
	0 2 13
	0 2 31
	0 3 12
	0 3 21

	1 0 23
	1 0 32
	2 0 13
	2 0 31
	3 0 12
	3 0 21

	1 2 03
	1 3 02
	2 1 03
	2 3 01
	3 1 02
	3 2 01

	1 2 30
	1 3 20
	2 1 30
	2 3 10
	3 1 20
	3 2 10

	01 23
	01 32
	02 13
	02 31
	03 12
	03 21

	10 23
	10 32
	20 13
	20 31
	30 12
	30 21

	12 03
	13 02
	21 03
	23 01
	31 02
	32 01

	12 30
	13 20
	21 30
	23 10
	31 20
	32 10

	012 3
	013 2
	021 3
	023 1
	031 2
	032 1

	102 3
	103 2
	201 3
	203 1
	301 2
	302 1

	120 3
	130 2
	210 3
	230 1
	310 2
	320 1

	123 0
	132 0
	213 0
	231 0
	312 0
	321 0

	0 123
	0 132
	0 213
	0 231
	0 312
	0 321

	1 023
	1 032
	2 013
	2 031
	3 012
	3 021

	1 203
	1 302
	2 103
	2 301
	3 102
	3 201

	1 230
	1 320
	2 130
	2 310
	3 120
	3 210

	0123
	0132
	0213
	0231
	0312
	0321

	1023
	1032
	2013
	2031
	3012
	3021

	1203
	1302
	2103
	2301
	3102
	3201

	1230
	1320
	2130
	2310
	3120
	3210


	0.1 2 3
	0.1 3 2
	0.2 1 3
	0.2 3 1
	0.3 1 2
	0.3 2 1

	1.0 2 3
	1.0 3 2
	2.0 1 3
	2.0 3 1
	3.0 1 2
	3.0 2 1

	1.2 0 3
	1.3 0 2
	2.1 0 3
	2.3 0 1
	3.1 0 2
	3.2 0 1

	1.2 3 0
	1.3 2 0
	2.1 3 0
	2.3 1 0
	3.1 2 0
	3.2 1 0

	0 1.2 3
	0 1.3 2
	0 2.1 3
	0 2.3 1
	0 3.1 2
	0 3.2 1

	1 0.2 3
	1 0.3 2
	2 0.1 3
	2 0.3 1
	3 0.1 2
	3 0.2 1

	1 2.0 3
	1 3.0 2
	2 1.0 3
	2 3.0 1
	3 1.0 2
	3 2.0 1

	1 2.3 0
	1 3.2 0
	2 1.3 0
	2 3.1 0
	3 1.2 0
	3 2.1 0

	0 1 2.3
	0 1 3.2
	0 2 1.3
	0 2 3.1
	0 3 1.2
	0 3 2.1

	1 0 2.3
	1 0 3.2
	2 0 1.3
	2 0 3.1
	3 0 1.2
	3 0 2.1

	1 2 0.3
	1 3 0.2
	2 1 0.3
	2 3 0.1
	3 1 0.2
	3 2 0.1

	1 2 3.0
	1 3 2.0
	2 1 3.0
	2 3 1.0
	3 1 2.0
	3 2 1.0

	0.1 23
	0.1 32
	0.2 13
	0.2 31
	0.3 12
	0.3 21

	1.0 23
	1.0 32
	2.0 13
	2.0 31
	3.0 12
	3.0 21

	1.2 03
	1.3 02
	2.1 03
	2.3 01
	3.1 02
	3.2 01

	1.2 30
	1.3 20
	2.1 30
	2.3 10
	3.1 20
	3.2 10

	01 2.3
	01 3.2
	02 1.3
	02 3.1
	03 1.2
	03 2.1

	10 2.3
	10 3.2
	20 1.3
	20 3.1
	30 1.2
	30 2.1

	12 0.3
	13 0.2
	21 0.3
	23 0.1
	31 0.2
	32 0.1

	12 3.0
	13 2.0
	21 3.0
	23 1.0
	31 2.0
	32 1.0

	0.1 2.3
	0.1 3.2
	0.2 1.3
	0.2 3.1
	0.3 1.2
	0.3 2.1

	1.0 2.3
	1.0 3.2
	2.0 1.3
	2.0 3.1
	3.0 1.2
	3.0 2.1

	1.2 0.3
	1.3 0.2
	2.1 0.3
	2.3 0.1
	3.1 0.2
	3.2 0.1

	1.2 3.0
	1.3 2.0
	2.1 3.0
	2.3 1.0
	3.1 2.0
	3.2 1.0

	01.2 3
	01.3 2
	02.1 3
	02.3 1
	03.1 2
	03.2 1

	10.2 3
	10.3 2
	20.1 3
	20.3 1
	30.1 2
	30.2 1

	12.0 3
	13.0 2
	21.0 3
	23.0 1
	31.0 2
	32.0 1

	12.3 0
	13.2 0
	21.3 0
	23.1 0
	31.2 0
	32.1 0

	0.12 3
	0.13 2
	0.21 3
	0.23 1
	0.31 2
	0.32 1

	1.02 3
	1.03 2
	2.01 3
	2.03 1
	3.01 2
	3.02 1

	1.20 3
	1.30 2
	2.10 3
	2.30 1
	3.10 2
	3.20 1

	1.23 0
	1.32 0
	2.13 0
	2.31 0
	3.12 0
	3.21 0

	0 12.3
	0 13.2
	0 21.3
	0 23.1
	0 31.2
	0 32.1

	1 02.3
	1 03.2
	2 01.3
	2 03.1
	3 01.2
	3 02.1

	1 20.3
	1 30.2
	2 10.3
	2 30.1
	3 10.2
	3 20.1

	1 23.0
	1 32.0
	2 13.0
	2 31.0
	3 12.0
	3 21.0

	0 1.23
	0 1.32
	0 2.13
	0 2.31
	0 3.12
	0 3.21

	1 0.23
	1 0.32
	2 0.13
	2 0.31
	3 0.12
	3 0.21

	1 2.03
	1 3.02
	2 1.03
	2 3.01
	3 1.02
	3 2.01

	1 2.30
	1 3.20
	2 1.30
	2 3.10
	3 1.20
	3 2.10

	0.123
	0.132
	0.213
	0.231
	0.312
	0.321

	1.023
	1.032
	2.013
	2.031
	3.012
	3.021

	1.203
	1.302
	2.103
	2.301
	3.102
	3.201

	1.230
	1.320
	2.130
	2.310
	3.120
	3.210

	01.23
	01.32
	02.13
	02.31
	03.12
	03.21

	10.23
	10.32
	20.13
	20.31
	30.12
	30.21

	12.03
	13.02
	21.03
	23.01
	31.02
	32.01

	12.30
	13.20
	21.30
	23.10
	31.20
	32.10

	012.3
	013.2
	021.3
	023.1
	031.2
	032.1

	102.3
	103.2
	201.3
	203.1
	301.2
	302.1

	120.3
	130.2
	210.3
	230.1
	310.2
	320.1

	123.0
	132.0
	213.0
	231.0
	312.0
	321.0

